300
15321 7437 16384 6953 4
5796 16086 32768 21882 2
540 535 1024 35 4
2 6 8 0 4
1 1 2 0 2
246163 524288 524288 246163 1
5842 2504 14997 154 3
661 1024 1024 384 0
196 256 256 247 1
182082 289031 524288 24456 1
160 126 256 30 3
8598 7290 16384 7359 1
13585 5990 16384 5882 4
335483 1048576 1048576 765768 4
367239 936695 1048576 255358 1
198 382 977 68 3
123378 131072 131072 88358 1
2607 168 7378 2775 3
55 64 94 55 3
12656 16384 16384 5215 4
1021 2941 4096 2402 4
2 3 8 4 2
2789 4096 4096 2789 0
0 1 1 0 0
0 0 1 0 4
409516 564665 1048576 974181 1
359 512 512 40 1
288291 349207 524288 113210 2
0 1 8 1 1
1 2 2 1 4
37360 122653 262144 37360 0
1109 746 2048 1864 4
835618 795165 1020561 582207 3
10015 13812 16384 1248 4
1 1 2 0 3
33 58 128 69 0
5 1 8 4 2
2 4 4 3 4
18 36 64 21 4
4 11 32 15 1
58 40 64 38 0
660 1872 4096 3134 2
31 32 32 31 1
0 1 1 0 4
74081 131072 131072 122661 4
1710 3485 8192 1710 0
339 1024 1024 339 3
48217 110187 131072 110093 2
3 14 16 3 0
22372 114416 131072 76854 1
1252 1713 2048 917 1
2 1 4 3 2
977371 39429 1048576 1016800 1
27 32 37 27 3
1332 519634 524288 621 1
25121 14590 262144 178767 0
100 451 512 39 3
120176 245316 524288 145041 2
383154 1048576 344617 383154 3
62 26 256 157 0
92 2031 362 75 3
1 4 4 0 0
3266 824 4096 2111 4
456 411 1024 456 2
35 17 128 52 0
6641 21955 65536 28596 2
0 1 2 0 0
15000 16384 16384 11651 1
387 871 1024 371 4
3 2 8 4 1
4 7 8 3 1
688661 316373 1048576 296810 2
17 64 2 17 3
0 1 2 1 4
180333 63436 343296 243769 3
375 4096 2423 375 3
4 3 8 3 1
17 29 32 1 1
4 63 64 6 4
21 32 32 31 0
37496 39764 65536 11724 3
10 10 16 4 1
222889 961285 1048576 135598 3
43288 2149 106439 45437 3
15739 25225 32768 22690 4
795 1222 4096 795 2
73350 118874 262144 58839 1
463 788 2048 315 4
296511 442091 1048576 738602 3
5766 8192 8192 5766 2
0 1 1 0 4
10 63 64 9 3
198 368 512 54 1
919 8192 8192 919 4
112865 1048576 1048576 345234 4
69 32 128 101 0
95 128 128 95 1
1613 1291 2048 1613 2
0 1 4 1 0
51 17 64 51 2
341670 524288 524288 28169 0
63177 218188 262144 63177 2
4042 37 16384 12710 2
366 1081 650 1447 3
16 28 128 98 0
1 1 1 0 3
0 0 1 0 4
0 2 4 1 2
1611 6229 2638 7840 3
0 1 1 0 3
75308 118153 221779 62389 3
25604 25245 32768 22370 1
16902 23927 20672 40829 3
1 1 2 0 4
662 53791 65536 354 2
6 14 16 5 1
21063 4612 59648 25675 3
14 10 16 4 0
909 2937 8192 5774 1
1 1 2 0 1
368 2048 3678 368 3
2984 3709 16384 6693 2
10 5 32 15 0
4554 5489 8192 4554 2
3691 3149 8192 6840 0
156419 19208 262144 35532 2
40 64 64 40 1
219703 659396 1048576 521355 2
353 14 604 367 0
102 2 8 104 0
1651 8192 8192 6050 4
54608 131072 131072 53648 1
1 0 4 0 0
623777 70681 1048576 414557 0
1583 131072 131072 1583 1
5843 8192 8192 3344 1
33628 71307 262144 104935 3
981 346137 524288 469704 0
12 12 16 11 2
2 4 4 2 2
2 1 8 3 1
5014 61541 65536 5014 2
46550 46294 65536 51873 1
0 1 1 0 4
3 7 8 4 4
234 512 512 106 1
37846 134931 262144 89709 2
29331 29881 32768 4350 1
3 17 32 16 2
3 3 4 0 2
1187 4096 4096 1187 3
0 1 2 1 1
3 4 2 7 3
2 14 16 0 1
4 2 8 6 1
21 16 32 21 1
6089 1093 16384 1283 1
87 79 256 166 1
3229 2658 4096 3229 2
73688 19205 131072 73688 2
3 16 16 3 1
1 3 4 0 3
190 181 512 190 2
92340 72974 131072 87850 1
72 82 128 72 0
5570 6871 8192 515 0
1 4 2 5 3
797302 1027940 1048576 776666 4
0 32 32 31 4
287 314 512 89 0
320 318 1024 638 3
169244 262144 262144 169244 4
2 4 32 6 1
455 1024 1024 109 1
7 3 8 2 4
1 0 4 3 1
33790 35110 65536 54250 1
1 1 3 0 0
2028 342 2048 322 4
1 1 2 0 1
14177 4126 16384 11763 2
28038 56753 524288 379459 1
251427 245255 262144 196451 4
2052 2011 4096 1951 2
0 1 2 1 4
25168 7010 45435 32178 3
73724 40777 131072 35270 0
78835 53938 36505 132773 3
1 1 2 0 1
1551 2206 4096 735 0
33986 131072 131072 33986 2
117 1024 1024 117 3
18647 131072 131072 103293 1
15736 16384 16384 3227 4
74 128 128 74 4
5 8 8 5 3
272 633 1024 272 2
41 11 256 52 1
968 6219 16384 14692 2
2514 6652 8192 2514 2
10 1 16 6 4
5144 7231 11572 4183 3
89 50 128 11 0
123943 45549 131072 35146 1
7477 7652 8192 8068 2
85 128 128 85 1
26078 32587 32768 26215 1
176 174 256 176 2
28156 524288 524288 28156 1
12445 14233 32768 11317 2
165144 386963 524288 27819 2
299 486 512 365 2
35 64 16 35 3
46535 60411 65536 41410 1
0 0 2 0 3
204 512 512 204 4
29900 57726 131072 87626 3
334 605 1024 334 2
4 2 12 6 3
156 119 512 156 2
77218 107321 131072 93582 1
4374 9612 16384 1747 0
11 9 64 32 4
498685 416246 524288 390643 1
4416 8192 15277 4416 3
13960 4910 3467 2486 3
643 1015 1024 129 1
3 4 7 3 3
11 12 32 23 2
615 29776 32768 11789 2
29 32 32 23 4
330 303 512 171 0
65 480 512 33 1
0 2 2 0 0
1 2 4 3 4
6487 5855 8192 6487 2
207647 119813 262144 194118 4
8548 262144 262144 112009 4
4866 23068 32768 4866 2
150 1024 1024 150 2
110856 17578 131072 128434 1
95287 115046 131072 95372 1
13831 2478 32768 16309 4
71 211 341 282 3
56 44 64 15 0
3001 7561 8192 4148 4
125354 107855 131072 9627 1
5007 5337 8192 7009 0
0 0 1 0 3
2 4 3 2 3
974015 135067 1048576 359061 4
760 1024 1024 760 3
6 1 10 7 3
52086 101281 131072 22295 4
1 1 2 0 2
1704 1888 2048 1544 1
2786 1515 2094 205 3
886 60 2048 485 2
241 168 512 409 2
14283 32768 32768 4768 1
140 64 256 204 4
26 231 38 1 3
5 7 9 4 3
27763 42176 65536 4403 2
7 4 4 3 0
887 1942 2048 781 3
0 0 1 0 2
12360 32768 6079 12360 3
126569 262144 262144 126569 2
31993 262144 262144 31993 0
10 18 32 28 1
799600 1048576 1048576 799600 4
6550 13362 26597 3528 0
1 3 8 1 2
2552 2295 4096 751 4
730 646 2048 1039 4
166648 348404 524288 498326 2
0 1 1 0 4
14 256 256 14 2
31475 19203 32768 17910 2
2980 3149 8192 398 4
311 32657 32768 200 1
3 128 128 3 4
52 241 307 37 3
653 246 1024 899 3
12321 16384 23295 12321 3
33587 240475 262144 11918 4
1 1 2 0 1
2 14 16 0 2
1409 248 2048 939 1
9 16 2 9 0
0 2 4 0 2
10 17 32 11 4
21710 131072 131072 21710 2
17 49 64 17 2
29 32 64 7 2
25 4 32 29 3
77 480 512 77 2
3 72 256 3 2
0 1 1 0 1